4.313278397235262990e-02,2.850421394105372846e-02,1.886390682055294823e-02,3.263359089723526230e-02,6.003235850286907371e-02,3.039009520083463603e-02,3.971863588941053347e-02,4.920305979394887924e-02,1.285170513823682970e-02,3.276807837767344717e-02,3.214454551382368158e-02,2.570137258737611313e-02,3.964527908189879879e-02,2.911857720396452548e-02,4.068755705529472633e-02,4.024741621022430438e-02,2.810992110067814242e-02,2.122355079551382570e-02,3.880167579551382223e-02,1.912982524778299512e-02,2.844002673448095889e-02,3.411295318205528893e-02,3.044816934011475990e-02,5.500741718831508170e-02,3.196421002869066080e-02,1.937129140584246262e-02,2.339674621804903321e-02,5.029118577203964269e-02,2.810380803338549671e-02,3.595604297078768691e-02
2.007654368912711526e-02,4.005541703370808782e-02,3.080504003862022042e-02,3.632652502600394739e-02,3.773559082471096560e-02,4.428261442982914242e-02,3.228315939302546511e-02,2.659650576566085015e-02,3.765347308279956562e-02,2.174502689978152076e-02,3.778504810108943013e-02,3.725501540329764771e-02,3.134253798567666893e-02,3.189496643126247394e-02,2.617565233836491312e-02,2.934838327585091375e-02,3.278799687454896777e-02,3.612682960817394789e-02,3.517687663924431302e-02,4.020098939436921037e-02,3.272360909964117104e-02,2.819220279598469436e-02,3.584781591690679864e-02,3.643290482802553909e-02,4.190306622671463588e-02,2.948742354340545130e-02,4.147288123783786362e-02,2.763510856960847348e-02,2.423095490491761206e-02,3.641984064181236214e-02
2.150434396709167625e-02,2.894200078515711885e-02,1.824636864833495409e-02,1.961612644443306783e-02,3.438262754535988813e-02,2.694497072729445247e-02,2.284209807636506176e-02,2.846194548278628556e-02,1.101993616331268036e-02,2.926203765340434221e-02,2.129952037141345095e-02,2.250925973338795127e-02,2.729701128236639712e-02,4.233874408998583583e-02,4.275479201870721613e-02,5.873743321897349073e-02,4.819541877890999582e-02,3.130387287282161701e-02,4.893150357587860294e-02,4.000887568914605896e-02,6.193780190144571041e-02,4.803540034478638587e-02,3.170071858944817356e-02,4.413735128953522047e-02,3.072140577261166933e-02,4.231954187789099819e-02,3.241760117432194999e-02,3.682770921876866999e-02,2.460230085172478501e-02,2.270128185433628598e-02
2.836824442535865881e-02,3.434925406368292966e-02,3.941533861373540393e-02,1.943609441104431415e-02,3.406177434233546159e-02,2.717538251105385688e-02,3.075277539205395136e-02,3.512103572223813225e-02,3.124184877691892070e-02,2.763463434806120306e-02,2.321746667939052905e-02,3.360252250532811541e-02,3.657632725768998616e-02,4.357246238508763470e-02,2.721593981614021940e-02,3.778350351496644055e-02,3.964436810128192656e-02,4.421422209498361566e-02,4.522219041257117406e-02,3.179056525749912598e-02,4.025511340140598693e-02,3.740894487387473599e-02,3.996166937048700740e-02,2.750938384705919892e-02,3.525344339472596261e-02,3.946424595222190052e-02,2.156296720424976873e-02,3.082553996882654232e-02,2.866288131819194271e-02,2.869986003753538517e-02
2.305259374223153634e-02,2.976706374001437602e-02,2.734078433743843822e-02,2.327179032377266893e-02,4.964088713307668321e-02,4.029605815680030456e-02,3.182801550668843543e-02,2.011989465126747673e-02,3.138962234360617720e-02,3.109484073394741532e-02,3.247048824568829484e-02,2.962597168752813606e-02,3.211775811447268453e-02,2.976706374001437602e-02,3.330696255685673679e-02,1.700579149282110264e-02,4.735066078111248300e-02,1.826806146238553127e-02,2.729795282150511426e-02,2.910191549257922991e-02,3.642610471717762366e-02,4.364195540147407931e-02,3.547121386195822151e-02,4.934106652154342243e-02,3.040197797620246972e-02,4.349330484617607018e-02,4.287602711654875387e-02,4.669055153555183579e-02,2.547383414293296483e-02,4.206978681662736780e-02
6.885617158408741112e-02,7.301215354535720015e-03,5.189696505241646329e-02,1.999759287096806309e-02,3.520303396508189103e-02,2.321774201471787230e-02,2.657052888063587623e-02,2.412409978286713524e-02,3.254291075937552208e-02,3.247290751712009205e-02,2.271298179424450711e-02,4.109435945805208629e-02,5.214381859089613908e-02,2.646368182666706051e-02,3.812474823395328727e-02,3.580727247718139272e-02,3.094388933101462763e-02,3.067492950550692113e-02,4.694147237696623398e-02,2.382198052681738440e-02,3.277502677316983942e-02,5.364336172763089355e-02,2.369671156699187584e-02,5.839989781982884987e-02,3.194972539079003054e-02,3.091809866281525904e-02,3.287450506479598633e-02,2.376671480924730587e-02,1.739641976400310708e-02,2.366723651762116937e-02
3.386417333884457481e-02,3.084542745314166473e-02,3.843199991835193063e-02,4.306584661390160107e-02,3.510228971795696651e-02,2.603552711481249213e-02,2.884281726652480546e-02,2.694449972698927803e-02,2.543847563060373795e-02,4.369351612294157527e-02,2.514760439470716674e-02,3.474061429963819225e-02,3.395124334695835688e-02,2.807353939264044945e-02,3.863101707975484522e-02,2.950301842694794466e-02,2.724302546909365685e-02,4.069103606293024422e-02,3.865398059837826111e-02,2.906958201293101049e-02,2.444721707669305147e-02,3.431770283165699181e-02,2.411520286992952997e-02,2.620488306466016437e-02,4.401022131728948850e-02,3.810764021779620980e-02,4.593341600200037678e-02,3.478941177671295015e-02,4.041643065272525898e-02,2.968864020248720287e-02
3.659570407728777314e-02,3.775644377375807215e-02,3.839348551736614101e-02,3.909754074309401695e-02,2.929371650704772068e-02,2.281078260716090308e-02,3.650718009473444964e-02,2.689446838177056431e-02,3.045031956881925905e-02,3.493774089002728983e-02,4.442056227345030084e-02,2.507434911431893204e-02,2.695155394061336807e-02,3.052643364727632841e-02,2.963457520622502644e-02,2.975453761248888357e-02,2.544499158332726857e-02,2.747194258571658207e-02,2.969993403446533758e-02,4.558461127767959864e-02,4.215947774711152618e-02,2.700450286475741465e-02,4.452066883316014440e-02,3.819409972488620880e-02,3.806420939534534142e-02,3.416998148993860562e-02,2.593145982390070853e-02,3.505522131547189613e-02,3.564924205821293213e-02,3.195026331058736097e-02
3.212769254014961190e-02,3.013973934444282368e-02,4.225472947190231365e-02,2.144076347646596548e-02,2.836018510693331246e-02,3.552065806692839695e-02,3.668365870461000322e-02,3.430099596134983386e-02,2.877506229560256035e-02,3.221124419620105539e-02,3.862359370718377455e-02,2.688794730547509892e-02,2.385223713560593803e-02,3.445945599868878439e-02,3.448730655070592760e-02,2.884804994916474047e-02,3.311494659096438087e-02,3.317737024203730456e-02,3.120382250427041620e-02,3.361721689113571221e-02,3.790428117405121589e-02,4.723997828297185619e-02,3.315144041774547440e-02,3.499149757860257892e-02,3.267413957800330976e-02,2.303592785234469600e-02,3.870042281619659463e-02,3.669902452641256307e-02,3.684307910581161027e-02,3.867353262804211489e-02
2.982175363893324258e-02,3.207930188867257754e-02,2.596377958114292478e-02,3.252862416849554988e-02,3.612684802395413342e-02,3.615145593785924760e-02,1.976440808549214875e-02,2.776106870043480029e-02,4.124985113731093750e-02,3.210208699414027894e-02,2.682141095094700903e-02,3.145134438198286808e-02,3.947716993192418311e-02,3.639206665159811643e-02,4.232713092382361930e-02,2.542422828366788096e-02,3.152790233635432982e-02,3.356397936094766832e-02,5.536932529353291721e-02,3.265986637598948528e-02,2.830791123165950912e-02,3.754772720091967275e-02,3.255596629505678324e-02,3.986087110800018429e-02,3.754681579670095248e-02,2.782395559152563841e-02,3.162268837509994712e-02,3.887382033913958090e-02,2.822132783088226668e-02,2.907531358381151843e-02
2.785256979257368093e-02,2.325057133115227340e-02,3.561097913901592471e-02,3.290895616178182020e-02,3.581281190735840364e-02,3.212381612576893641e-02,2.935733346859299361e-02,3.231508173346521462e-02,3.771912768793343057e-02,4.107631462523211874e-02,2.960460502771414260e-02,3.621436401191412136e-02,3.499385695727767059e-02,3.581598205555226733e-02,4.127603396144535752e-02,4.011047614216916440e-02,3.316573816548455678e-02,3.210796538479963186e-02,1.981096054081319530e-02,3.400265728866383452e-02,2.988463478483852076e-02,2.505544236952374909e-02,4.242468432368762948e-02,2.166972409848030162e-02,3.230557128888363050e-02,3.911293617716760790e-02,3.228232353546198197e-02,3.526965985014357541e-02,4.038627903503506922e-02,3.647854302806919496e-02
3.838128416517387620e-02,3.059484103812643713e-02,3.983737624660615984e-02,2.623769888791018662e-02,2.170241123240401054e-02,4.348688486192073960e-02,2.640223605599047521e-02,3.939324960494584860e-02,2.906328454125883115e-02,2.857957000953408044e-02,3.576972054248605398e-02,2.838534192390548133e-02,3.334496227603975932e-02,1.957951062769898790e-02,2.978328929180563966e-02,3.814499394635181145e-02,3.784189916304601942e-02,1.807640792681518629e-02,3.649962226554896716e-02,2.884802538903349228e-02,2.946040056346763830e-02,3.531322268518060498e-02,3.902211313559182659e-02,3.291073260689555274e-02,4.830299911257146528e-02,4.077387727094282377e-02,3.253341052971895492e-02,4.320605826677618999e-02,3.790994084909426326e-02,3.061463498315865339e-02
3.552677316342745667e-02,3.831142662877398686e-02,2.409021284072852126e-02,3.106617085319643423e-02,4.329057037648209594e-02,3.322914756753453380e-02,4.543922274171861841e-02,1.590814463390783501e-02,2.764408385282973030e-02,3.319190425987043197e-02,2.882584265370981627e-02,3.569436804791590451e-02,3.731731680112455873e-02,3.041298053416453123e-02,3.286530910035448394e-02,4.415003132257670077e-02,5.014763629140691487e-02,4.174927041315242698e-02,3.599661181395917564e-02,3.632750427820559402e-02,3.049892662877399380e-02,3.163055020779856341e-02,2.437526738784989710e-02,3.685320789023346921e-02,3.689904580735851869e-02,1.902225812859063489e-02,2.803513858330277872e-02,2.978270917369514603e-02,3.223790260970541693e-02,2.948046540765188184e-02
3.586024601308444165e-02,1.247860581921717352e-02,3.006282291216788582e-02,3.434865716525105361e-02,1.999756066349953065e-02,5.363641089623622654e-02,3.139446070668777677e-02,4.797095190108290053e-02,1.828202728857750842e-02,5.009737351440408243e-02,2.853623814322504143e-02,1.907981029160068370e-02,2.877617288097637435e-02,2.393848873106514674e-02,2.955895996289009328e-02,4.002011452884815523e-02,3.677799638498328166e-02,2.966992977910008419e-02,2.553705392133339552e-02,5.252971191835820869e-02,3.272010013276388518e-02,2.619987363437144973e-02,4.527468528560231464e-02,5.449717676791912546e-02,3.207827470927907682e-02,4.379008909576594805e-02,2.052241790233056556e-02,4.474083049410559898e-02,2.445434841723051478e-02,2.716861013804244829e-02
4.186592128600614970e-02,3.960957320221818179e-02,2.446552053164499640e-02,4.822873869019555365e-02,3.993160795671403529e-02,2.498751150625266523e-02,3.392660694640892843e-02,2.396247277789003219e-02,3.155028513055387063e-02,3.759738218719831104e-02,4.682483554477897408e-02,3.682491973687165160e-02,2.460233268224781486e-02,3.116931591118295153e-02,1.868362856693832341e-02,2.878878449069396245e-02,2.861408589838575559e-02,2.935287151164096137e-02,5.788978132507129060e-02,3.875502346152982780e-02,2.963912462674838516e-02,4.554722053838037438e-02,1.566534204440852077e-02,2.597255899059293729e-02,2.458338946139511719e-02,1.889831840326889820e-02,4.913380368649110375e-02,5.562290922969848755e-02,2.350573067510832587e-02,2.380040299948362262e-02
3.575405979155697744e-02,3.657207749333467317e-02,2.529534304507350881e-02,3.172195338030406320e-02,3.714563013481098769e-02,1.956451788146996648e-02,4.681923793763424768e-02,2.863793261957893466e-02,3.562085767536711522e-02,4.523648338055479001e-02,2.008478967647034027e-02,3.159815376643348994e-02,4.771090857424634124e-02,1.997509381607869700e-02,3.561772350792735686e-02,3.424652525303178985e-02,2.539720348686574924e-02,3.466807077367968504e-02,2.131181622913689080e-02,3.596718317746074034e-02,2.711786141129470321e-02,4.342650168409263600e-02,4.083297812769016294e-02,3.672251753044321332e-02,2.535175805898921136e-02,3.952759738902958397e-02,3.505043920133055907e-02,3.498305460137569184e-02,4.228409765229965145e-02,2.575763274243830087e-02
3.721379638788144956e-02,3.314192035754844751e-02,4.561581858812323309e-02,4.566390079495915438e-02,4.736051580759789714e-02,3.033391947833095556e-02,3.591420302597354841e-02,4.959977286881342429e-02,1.796442832545700960e-02,3.292211598344140649e-02,3.229704729457449908e-02,3.601586254899805800e-02,3.012510532292925897e-02,3.127907828699124509e-02,3.108812323698575270e-02,2.852740227863868189e-02,3.266934095321830100e-02,3.715472396234018038e-02,2.611367549547569458e-02,2.740090486134007589e-02,2.795178957394585731e-02,2.261054328314466774e-02,3.108125435029490680e-02,3.178188079276111216e-02,3.513114994321720613e-02,4.432996299959703068e-02,3.053036963768912537e-02,3.586474704179946904e-02,2.671676374693189929e-02,2.559988277100047616e-02
3.642235505305401605e-02,3.100006108965141366e-02,2.111234856815255231e-02,1.946997678593246142e-02,2.901758442119904691e-02,2.731882219152075714e-02,3.891410795011325530e-02,3.897226059905452289e-02,1.607245232657587841e-02,4.251604778150581271e-02,3.282746402759372656e-02,2.120574524675519767e-02,3.655980676873338275e-02,2.610466536968637785e-02,4.207549741073862010e-02,4.422362101859945299e-02,3.375790641065403580e-02,3.294905592992547483e-02,3.078683471020009221e-02,2.659984398642870063e-02,2.398297478407158262e-02,2.289745867050121605e-02,3.713428445221379770e-02,3.008019191548951671e-02,3.599061568970216701e-02,3.751844437552279143e-02,4.395400419168993267e-02,4.187108203870264223e-02,6.195136793827125260e-02,3.671311829776036789e-02
5.217688717205859472e-02,4.736520199581523149e-02,3.215515853854820916e-02,3.503058103975534993e-02,3.196684371479156794e-02,3.150329953323675880e-02,3.574521165298567144e-02,2.962739417350716137e-02,3.663125704168678637e-02,3.355303396104941660e-02,3.895863511990986516e-02,3.091421213584419347e-02,3.518509576694028168e-02,2.039996780943183555e-02,4.982295187510060036e-02,2.706582971189441106e-02,3.807983260904555106e-02,2.429180750040238132e-02,4.686061483985192594e-02,2.838886206341541957e-02,3.343473362304844043e-02,3.498470948012232656e-02,3.553516819571865548e-02,2.912039272493159581e-02,2.725655882826331922e-02,2.150571382584902727e-02,3.753903106389827604e-02,2.169644294221792502e-02,2.335506196684371261e-02,2.984950909383550510e-02
3.658084608663791926e-02,2.090485048335728735e-02,2.795017051379611317e-02,1.952876187255150539e-02,3.746230376821397395e-02,3.967968772018827528e-02,3.182900707420873582e-02,3.365533665905696276e-02,3.384135170936557191e-02,3.783644767622108135e-02,3.579873735238578436e-02,3.262379865280008728e-02,2.169964206194864922e-02,3.917871536878893279e-02,2.945308756799413369e-02,4.486274344015107191e-02,3.047828415208139047e-02,3.654491136101012394e-02,2.710041994306812072e-02,2.413052056029987846e-02,2.472027282207378551e-02,3.520898509061187731e-02,2.427003184803134053e-02,6.399692793326006157e-02,2.192581945266480412e-02,2.725684168991854631e-02,2.458498914912206346e-02,4.236210929793410990e-02,4.596192328288379453e-02,4.857247540937403851e-02
3.725098892493070024e-02,3.999250241391125171e-02,2.900809383329105984e-02,3.480815523785368848e-02,4.052812373464329682e-02,2.402397892666604390e-02,3.001092378269904284e-02,2.324807888261494482e-02,3.421246423629187988e-02,2.675381219992969961e-02,3.800019133305745922e-02,3.680547212544329344e-02,3.831055135067790163e-02,5.162933447243246710e-02,3.317459363973320613e-02,3.741618054721254638e-02,3.792510423202025138e-02,3.317459363973320613e-02,2.166958115858840656e-02,4.674867290501426298e-02,3.961706690872523334e-02,2.446949572615345070e-02,3.311952976563925510e-02,2.956707558545691034e-02,2.896637877715928580e-02,1.878790508100507475e-02,2.822551938025887747e-02,5.297255927987576385e-02,2.825889142516430433e-02,2.132418049381727340e-02
4.228797623752889034e-02,2.823215718683003139e-02,4.484807109578048401e-02,1.538901464793455617e-02,1.826575281760147579e-02,3.675233253087085289e-02,4.275732696154169177e-02,5.710957804845915448e-02,2.519148311834524742e-02,4.577329836034158689e-02,2.724629609667876193e-02,3.078102355886122229e-02,3.395419376474674567e-02,3.925853065526450913e-02,3.301773801396524349e-02,5.401051585162827684e-02,2.771340112344747308e-02,6.437665433030313397e-03,3.120321464074832934e-02,4.491095061861473392e-02,2.979965386319810908e-02,3.619764531158300991e-02,3.587426490843544091e-02,2.868803372737833979e-02,3.134918496161354790e-02,2.264037104906998013e-02,5.022427029810882376e-02,3.686237169583078677e-02,2.622674954786628418e-02,1.699693387469608172e-02
2.320555830125852967e-02,3.436684089400088987e-02,3.731535147494172144e-02,2.541834528962173823e-02,2.803175530295088161e-02,2.443176428888789095e-02,4.625823086869049888e-02,4.590440959897760381e-02,3.593937987050267041e-02,2.661085401346892365e-02,4.035559349617848235e-02,3.398306650092605685e-02,4.833435673171486424e-02,2.448231018456115821e-02,3.136029613654630482e-02,2.310072236949174337e-02,2.280680734650272073e-02,3.943827909321911268e-02,4.152750944771432806e-02,5.307631057395176266e-02,2.224518628346637203e-02,3.266700114321087478e-02,4.000738843709594761e-02,4.473810985807211843e-02,2.513753475810356561e-02,3.144453929600175834e-02,2.836685587056256980e-02,2.973721126437126050e-02,2.736717037835786903e-02,3.234126092664979524e-02
4.244637622485623873e-02,6.053245166175599129e-02,3.375055291903766158e-02,5.335481283222000271e-02,2.621867104503572410e-02,3.001975514120990007e-02,3.424818005293028128e-02,5.827766656920296828e-02,2.097531169639309245e-02,2.425065413133607739e-02,3.765847221909838366e-02,2.526840002099217664e-02,4.135553256411986234e-02,2.939842408702757898e-02,2.524871985185518641e-02,3.714959927427033404e-02,3.097846052345501477e-02,1.729230861504089944e-02,3.899672372041414897e-02,3.589287990223641311e-02,4.455777722798257012e-02,2.857185698327372597e-02,2.351405351506563601e-02,2.871242961996656184e-02,3.027559733999085623e-02,4.108282164893577171e-02,3.086881386683459905e-02,2.602749225913347092e-02,2.488604244918767722e-02,1.818916203714116692e-02
3.715244885409914322e-02,4.475577936215120040e-02,2.262510179322264892e-02,2.337608648684582138e-02,3.070208239849761198e-02,2.788511076764554203e-02,3.160887304515464652e-02,1.592232969370627194e-02,2.789445912482757181e-02,3.583744661049342861e-02,3.873543733692309810e-02,3.651364444666035242e-02,2.360044705921457084e-02,3.384936264978145870e-02,3.555076365691113571e-02,3.699664290106529502e-02,4.997839490784596744e-02,2.235399943494374361e-02,2.650778614282628051e-02,4.516087484003921543e-02,3.588730451546426337e-02,2.349761513021222936e-02,3.391480115005567758e-02,2.829643848365491487e-02,4.918378454737332151e-02,6.999011151551412513e-02,2.026619966429010766e-02,3.368732445862624575e-02,1.595037476525236475e-02,4.231897425670173157e-02
4.560798554080172651e-02,2.730806271809180577e-02,2.146534607748072296e-02,3.679691158912657550e-02,1.991190575135719579e-02,3.276736653935712063e-02,2.841377581646316666e-02,3.277231380154222579e-02,2.255621738929676143e-02,4.217953284652273260e-02,3.299988786205713259e-02,3.754147454798514166e-02,4.110350332126201656e-02,3.578272284117968438e-02,4.617444706099643748e-02,3.491200469660089845e-02,3.057820302244737554e-02,3.427133424362957537e-02,4.829434890731469643e-02,3.756621085891068135e-02,3.915180838923739554e-02,3.010821311486223256e-02,3.599298148404672659e-02,2.173744549766159356e-02,2.217775183213609516e-02,4.641686290806668058e-02,2.576699054743104844e-02,2.789926054921206336e-02,2.962585505181432668e-02,3.211927519310813633e-02
3.519685193907991921e-02,5.459157638561783904e-02,2.937372428952739895e-02,1.290233945674360352e-02,2.826385617836394554e-02,2.175773276809546408e-02,2.976526927304129488e-02,2.672122782226409032e-02,3.489951326738891663e-02,3.959510912231119228e-02,3.454035170356413442e-02,6.666764798241482659e-02,4.280401161877846195e-02,2.489009263620662465e-02,2.845521274925420091e-02,1.165116187784581529e-02,3.023630083215575123e-02,5.405283403988067614e-02,2.470462395980530315e-02,3.286818966870780345e-02,3.169649866541058431e-02,3.058074265975820050e-02,3.223818495839220893e-02,4.716988538232061434e-02,3.665116187784581148e-02,2.918236771863715051e-02,4.401397393625372523e-02,3.243248547652692604e-02,2.182544355471816716e-02,3.027162819908934058e-02
4.226644258794683834e-02,2.574672609624018352e-02,3.280703249953316469e-02,3.592160492323680232e-02,2.099114239553141401e-02,4.398052301272215026e-02,3.559888285391853147e-02,2.166703201240551685e-02,2.550620681816336346e-02,3.729469599175130184e-02,2.486989632299810640e-02,4.631873574136769617e-02,3.357121400329623334e-02,3.546187820184945605e-02,3.538880905407928990e-02,3.201545006535629068e-02,3.415272263763385885e-02,3.173230711774686907e-02,3.531573990630910986e-02,4.362126636951879632e-02,2.718070812122983307e-02,3.896615274699401915e-02,3.438715282006316043e-02,2.456544154062238403e-02,2.648350666958943292e-02,1.405566245301247824e-02,5.400621899635466017e-02,4.418146316909012800e-02,4.289057489181706539e-02,1.905480997962182704e-02
2.087059403681541803e-02,2.792804728153267663e-02,3.735638528855424884e-02,3.180040039155938858e-02,1.697616050991042694e-02,3.723494299572375349e-02,2.725735461885520419e-02,3.826168238056334298e-02,2.941571536870616135e-02,2.857113942311230795e-02,3.493029948405425300e-02,4.910040701568445937e-02,3.183076096476701589e-02,3.711074065078348583e-02,2.953439760942686704e-02,2.718835331611060488e-02,2.477330772004975382e-02,5.134984948515827763e-02,4.018819875319246115e-02,2.126252143640471742e-02,4.125357886756901571e-02,3.414092458065608182e-02,3.424028645660830150e-02,5.922151810226176927e-02,3.710798059867370657e-02,3.441140968741489281e-02,2.013366012350313247e-02,2.353680437486659408e-02,2.689302774036373550e-02,4.611955073711791753e-02
2.203599723387303019e-02,3.035410935221515699e-02,3.211300530675446213e-02,2.128339271486342360e-02,1.082585426720185373e-02,4.200961379455493694e-02,2.735778499376117709e-02,2.440937927509433461e-02,4.744133255160180168e-02,1.009579969632736461e-02,4.819675581412830034e-02,5.102395556156887058e-02,3.764619883040935810e-02,6.689630030517597359e-02,3.497966746343149358e-02,2.205572843849125733e-02,4.014642432989070503e-02,1.606871720861708860e-02,1.967107142320239158e-02,3.939663855439799051e-02,3.355338324388520282e-02,2.478145341932379980e-02,2.306765736105473655e-02,3.231595483997053153e-02,2.362858732091582814e-02,3.171838121438987079e-02,2.935909289075301631e-02,7.650539695425367936e-02,4.292570543754416212e-02,3.813666020234819654e-02
1.819708941112911996e-02,3.909204484062668572e-02,2.881803754727173955e-02,3.441214208535926106e-02,2.926627498649378434e-02,4.958890464613722321e-02,3.294840626688275848e-02,3.164168017287952162e-02,2.791396542409508089e-02,4.124966234467854903e-02,2.882816720691518120e-02,2.893959346299297686e-02,4.927488519719070564e-02,4.208282685035116127e-02,1.487962587790383692e-02,3.752954484062668433e-02,3.746370205294435873e-02,3.487050918422474055e-02,4.310592247433819163e-02,3.490089816315505161e-02,3.283698001080496975e-02,3.845894111291194017e-02,2.246927336574824213e-02,3.309022150189087214e-02,1.891882766072393307e-02,3.284710967044840446e-02,3.982391274986493701e-02,3.895782685035115850e-02,2.080041193949216938e-02,3.679261210156671569e-02
2.159151962447686951e-02,4.878283706594276764e-02,1.949722882026920165e-02,1.985511395769709239e-02,2.556802115145345375e-02,1.795699722882027061e-02,3.488894073068657398e-02,4.454653743920371223e-02,2.901432247483316448e-02,3.110066027598687791e-02,2.954452267843004493e-02,4.269613872865060666e-02,4.600723900011310930e-02,4.767736964144327072e-02,5.151071711344870629e-02,2.818190815518606396e-02,3.672078243411378007e-02,3.419968046601062905e-02,2.939076461938694429e-02,4.494683859291935535e-02,2.947824765298042923e-02,4.441928939034046203e-02,3.621709224069674660e-02,3.049358104286845061e-02,3.967664856916638255e-02,3.543504694039135983e-02,2.590469828073747177e-02,2.553090713720167215e-02,1.429066282094785569e-02,3.487568572559664876e-02
2.741936110528319509e-02,1.002886759757869693e-02,2.899581167292195755e-02,3.345125144726514982e-02,3.104432322384626658e-02,2.652186244570327311e-02,4.703903147850277411e-02,1.974108523517573155e-02,2.110773092135425494e-02,2.040838131648678097e-02,3.553764443511978066e-02,5.904744698541467690e-02,4.113535523074651756e-02,2.095037726025907043e-02,3.040325275271774791e-02,4.406388170112906372e-02,4.856885873915037233e-02,3.630692900047399752e-02,3.203506849740851703e-02,2.639364835147757146e-02,3.928790669122160517e-02,3.507141136520813135e-02,4.441938441693668582e-02,4.299445959701921754e-02,4.335870418288768902e-02,1.715931961053997895e-02,3.458769455517479718e-02,2.032387657256529492e-02,3.580572845031898543e-02,4.679134516011221323e-02
1.133034222793622564e-02,4.179566901931974082e-02,2.657120492570338999e-02,3.323887737342463844e-02,2.880141509021418370e-02,3.646612267030496790e-02,4.213020054399636144e-02,5.789581857458959285e-02,4.312723567636588679e-02,3.244518493252521174e-02,2.132365159744269503e-02,3.671210173256719139e-02,2.001176326537752043e-02,4.036571073736869991e-02,2.984764603503615998e-02,2.361617645772658841e-02,1.790618249241291218e-02,4.909304786643228086e-02,3.397681456021130197e-02,4.980802700740779437e-02,3.557075888367048494e-02,2.887684866930793556e-02,2.277328820437471077e-02,1.688946903506240507e-02,1.397707693787771446e-02,4.827639737972170414e-02,4.858797085858718168e-02,2.463288991507709552e-02,3.545924837544494473e-02,4.849285895451245498e-02
6.942314246762099073e-02,1.941675187457396132e-02,6.022068847989093393e-02,2.775647580095432637e-02,4.606552488070893292e-02,3.475417518745739509e-02,3.973883776414451063e-02,4.603357191547375465e-02,4.763122017723244589e-02,1.849011588275391998e-02,1.507114860259031915e-02,3.510565780504430744e-02,2.360259032038173471e-02,4.635310156782549568e-02,2.136588275391956143e-02,1.408060668029993343e-02,6.370356169052487916e-02,3.756603612815269388e-02,1.682856169052487916e-02,1.954456373551465356e-02,2.222861281526925664e-02,3.414706884798909131e-02,2.801209952283572127e-02,2.536000340831629646e-02,9.255708929788684924e-03,2.689374573960463810e-02,2.964170074982958383e-02,4.740754942058623272e-02,2.980146557600545781e-02,4.449982958418541301e-02
2.337992864612166780e-02,3.561696499969244090e-02,2.711908716245309617e-02,3.157332226117980090e-02,4.217952266715876281e-02,3.550624346435381218e-02,1.754167435566217695e-02,3.003014086239773686e-02,3.074983084209878537e-02,1.221781386479670224e-02,1.625453650735067881e-02,3.519483914621393539e-02,3.518099895429661200e-02,3.107046195485021686e-02,2.422187365442578927e-02,2.805560681552561955e-02,4.624853909085317738e-02,3.265747062803715101e-02,3.004628775296794979e-02,3.904933259518977157e-02,3.530786738020545018e-02,4.067786184412868628e-02,3.772067417112628940e-02,3.874715507166143214e-02,4.668911853355477842e-02,2.504075167620101877e-02,6.150965737836010250e-02,1.708264132373746649e-02,5.083886941010026805e-02,4.249092698529863960e-02
3.302140730888593334e-02,2.565004980452443781e-02,4.500472135376182292e-02,3.436872045555305899e-02,2.564141318178939088e-02,4.257351205384646287e-02,3.070679241589369113e-02,3.025336972230378840e-02,2.859945646854254037e-02,5.480728815803868198e-02,3.920522918717865568e-02,3.409450768371535823e-02,3.084929669102194280e-02,4.224963870128225357e-02,4.892790723115633678e-02,2.644893740751616193e-02,2.907662987465381432e-02,4.398775902671019783e-02,2.590267101952452300e-02,3.014973024948323921e-02,2.497855238687463758e-02,3.081259104439799598e-02,4.044674370534146607e-02,1.981817030268483854e-02,2.155413147242902019e-02,3.226786197525319949e-02,2.873764243230327031e-02,2.839001836721768285e-02,4.715308125910444570e-02,2.432216905901116166e-02
2.616013609922072242e-02,2.751179892437713090e-02,1.687794973109427860e-02,4.638404126879596551e-02,2.922401492701130407e-02,3.498463395895071854e-02,2.759576336296784213e-02,3.208868400834156975e-02,3.768466688618154342e-02,3.458950718911206479e-02,3.642849303040281150e-02,3.541268795960926530e-02,4.055592141367577591e-02,2.224838107781802049e-02,4.135276039951706756e-02,1.976237515091647245e-02,3.282296125562507438e-02,2.257436066293491000e-02,4.240807814729448399e-02,3.067939852925035543e-02,2.138568763033695669e-02,3.343376138733399061e-02,3.353418944133465529e-02,6.116672154538470296e-02,3.815881900998792375e-02,3.446109098891449868e-02,1.340906596421907564e-02,4.599549994512128204e-02,3.999615848973768484e-02,4.111239161453188878e-02
2.934589963593553161e-02,3.864585932651272426e-02,3.831954495140475064e-02,2.139678548348912870e-02,3.985034326992597381e-02,6.518529537849268585e-02,3.997271116059145785e-02,2.713607949274110184e-02,3.844431221247544828e-02,3.062716343231535951e-02,4.309909079857444925e-02,3.091748725134524367e-02,2.018750279926547278e-02,3.289936720604513115e-02,4.270559405212072390e-02,2.264205872379087409e-02,2.976578945684652325e-02,3.769330927564606970e-02,3.430779763390086334e-02,2.741680583015016631e-02,3.115982366227101896e-02,3.615051410509882018e-02,3.610492606739991450e-02,3.136377014671350161e-02,1.581824929138593919e-02,3.543550172434753454e-02,2.064338317625455041e-02,3.801002616913321669e-02,3.807001042926336232e-02,2.668499785656243406e-02
1.859155790834599725e-02,2.585576200709331293e-02,2.677136292957352920e-02,3.607150968778936873e-02,3.589952740360256855e-02,2.881877107465450824e-02,2.391481908555654484e-02,3.407979104425459815e-02,2.957549312507643663e-02,4.201226916155633567e-02,3.461539301500778099e-02,4.356829935181787822e-02,3.055661110819924559e-02,3.804193528661529988e-02,3.248281269109142694e-02,4.538803571116585556e-02,4.236442336251026314e-02,3.398479130632282852e-02,2.337102748222303489e-02,3.120850586159302359e-02,3.405686007302968776e-02,5.586421370791620766e-02,2.966885493649213529e-02,1.736966472736167083e-02,3.697728305117319036e-02,3.444996243688523002e-02,4.708492758180896770e-02,2.704981043730454032e-02,2.238335779303597325e-02,3.792236665094257664e-02
2.816310292972085821e-02,3.232305244171176234e-02,2.915193058315317109e-02,3.825758049129998617e-02,2.078360556034608564e-02,4.815522979958926364e-02,3.523642301620032169e-02,4.717577492012313412e-02,3.743590064026460634e-02,2.382819497036120504e-02,2.648693851876846028e-02,2.909569393935607096e-02,5.053435225800538555e-02,2.436869160241109458e-02,3.060158628992281152e-02,2.828026260429814670e-02,4.310486676081097535e-02,2.798033383738028970e-02,3.136390523917236689e-02,4.560427315179311353e-02,3.900740240859462693e-02,3.203562070674881995e-02,2.381569793840629390e-02,3.586596100092895312e-02,2.787410906576354847e-02,3.380238859937431672e-02,5.059058890180249263e-02,2.785536351783118175e-02,3.395860149881069906e-02,1.726256680704998936e-02
6.985058428611090608e-02,2.557482143307841446e-02,3.127634335327225679e-02,3.969801367961434124e-02,3.804169506070013279e-02,1.363418389238030271e-02,2.403775775472602808e-02,1.679160041392191091e-02,1.460525983695514993e-02,3.641377047525302252e-02,2.777251962343202027e-02,3.971126422856566252e-02,2.749993690214784861e-02,3.774071830594886989e-02,3.828020494182378386e-02,4.266802958027308967e-02,3.849978546730269818e-02,2.775169733222281054e-02,4.958481613285883882e-02,4.060094394386815075e-02,4.079591630700891286e-02,3.824991797279220229e-02,2.197067211832109263e-02,2.818707251205168629e-02,2.586065470331390045e-02,2.934933494863834619e-02,3.637780469952803242e-02,3.451894197521516994e-02,2.938719365992781621e-02,3.526854445874662292e-02
3.031031554558286795e-02,2.048079788998925788e-02,4.237525236335824841e-02,2.039433356390486785e-02,3.369718646488845115e-02,2.520470253459978702e-02,1.642751899403326055e-02,3.165789370089810290e-02,1.672908969232759016e-02,3.935743649441285352e-02,2.918417042048375085e-02,6.195625889246931389e-02,4.325887559822066963e-02,4.402018344496370222e-02,4.329050888825153320e-02,2.750338827684330190e-02,2.602084141739633913e-02,3.703977077815082120e-02,5.078127196756251904e-02,4.179530871279222431e-02,2.287227461632333758e-02,3.573015257087262808e-02,3.967587828072365735e-02,2.322867635067118672e-02,3.494775586410901053e-02,3.135843188860582692e-02,4.475196688767792141e-02,2.757087262890917101e-02,2.786822555519938641e-02,3.051065971577840430e-02
5.567334446299387896e-02,3.599888703394546474e-02,2.743461324429604872e-02,2.619922092376182621e-02,2.548135781858653498e-02,3.134112409571507968e-02,4.459654980523093670e-02,6.542292710072342143e-02,3.399554813578185841e-02,1.485531441291040519e-02,2.441291040623260952e-02,3.803561491374513048e-02,1.873678352810239159e-02,1.302726766833611424e-02,6.825264329437951902e-03,5.526432943795214076e-02,3.065664997217584786e-02,1.935447968836950458e-02,3.205063995548135952e-02,2.632442960489705247e-02,3.067334446299387757e-02,2.896215915414580150e-02,3.083194212576516671e-02,6.026432943795213826e-02,5.907902058987200833e-02,1.998887033945464728e-02,3.914579855314413021e-02,1.662493043962159217e-02,2.447968836950472488e-02,6.426265998887033259e-02
3.417743327271255405e-02,3.195635797459456251e-02,3.360652176917897083e-02,3.077454894782465783e-02,3.234918359408167632e-02,3.592145314132145356e-02,3.649143904254709830e-02,3.447455161355931358e-02,3.239898099824851246e-02,2.965290407107045931e-02,3.340085293635607772e-02,3.286159703175382807e-02,3.327237933601485953e-02,3.330903318740904145e-02,3.523410086744979686e-02,3.175883444208148221e-02,2.695292213882750920e-02,3.777339823903543697e-02,3.184454521579615366e-02,3.086821990138756411e-02,2.999815373192977336e-02,3.145468152369442633e-02,3.664157173689396724e-02,3.235918009900735914e-02,3.127085690533877582e-02,3.660473276503820039e-02,3.115349053269276386e-02,4.020088285182266824e-02,3.495604993414647838e-02,3.628114219818454056e-02
